camera_matrix:
- - 1463.9429147149215
  - 0.0
  - 1121.7383119722108
- - 0.0
  - 1394.0459075644715
  - 709.0796089918779
- - 0.0
  - 0.0
  - 1.0
dist_coeff:
- - 0.027466453531910753
  - 0.0682595851691288
  - -0.007339935978617181
  - 0.006685735688273999
  - -0.24324590187199113
