camera_matrix:
- - 1394.1787734445966
  - 0.0
  - 1046.2159563712862
- - 0.0
  - 1340.5233715230017
  - 722.7411645580689
- - 0.0
  - 0.0
  - 1.0
dist_coeff:
- - 0.0757083941674938
  - -0.22816782932197763
  - 0.0019020473341354652
  - -0.015266924532059868
  - 0.23869265881948118
