%YAML:1.0
---
camera_matrix: !!opencv-matrix
   rows: 3
   cols: 3
   dt: d
   data: [ 1.3941787734445966e+03, 0., 1.0462159563712862e+03, 0.,
       1.3405233715230017e+03, 7.227411645580689e+02, 0., 0., 1. ]
dist_coeff: !!opencv-matrix
   rows: 1
   cols: 5
   dt: d
   data: [ 7.57083941674938e-02, -2.2816782932197763e-01,
       1.9020473341354652e-03, -1.5266924532059868e-02,
       2.3869265881948118e-01 ]
