%YAML:1.0
---
camera_matrix: !!opencv-matrix
   rows: 3
   cols: 3
   dt: d
   data: [ 3.8875198441924482e+02, 0., 3.0742201237082173e+02, 0.,
       3.8805385348085332e+02, 2.3704844976450769e+02, 0., 0., 1. ]
dist_coeff: !!opencv-matrix
   rows: 4
   cols: 1
   dt: d
   data: [ -3.4284579156433487e-01, 1.6275344817769009e+00,
       -5.8813928551680892e+00, 8.7864713556487448e+00 ]
